"V1" "V2" "V3" "V4" "V5" "V6" "V7" "V8" "V9" "V10" "V11" "V12" "V13" "V14" "V15"
1 0.304511278195489 0.181607142857143 0 0.153846153846154 0.5 0.0380701754385965 0 0 0 1 0.5 0.24 0 -1
1 0.145413533834587 0.0357142857142857 0.5 0.538461538461538 0.375 0.0175438596491228 0 0 0 1 0 0.14 0 -1
1 0.26796992481203 0.375 0.5 1 0.375 0.228070175438597 1 0 0 0 0.5 0 0 1
1 0.412330827067669 0.0446428571428572 0 0.615384615384615 0.375 0.0087719298245614 0 0 0 0 0.5 0 0.00195 -1
1 0.171729323308271 0.214285714285714 0.5 0.538461538461538 0.375 0.0350877192982456 1 1 0.0447761194029851 0 0.5 0 0 1
1 0.245563909774436 0.0371428571428572 0 0.153846153846154 0.5 0.0175438596491228 1 1 0.149253731343284 1 0.5 0.066 0.000279999999999999 -1
1 0.159097744360902 0.236607142857143 0 0.0769230769230769 0.375 0.192982456140351 1 0 0 1 0 0.05 0 1
1 0.289473684210526 0.0892857142857143 0 0.615384615384615 0.375 0.245614035087719 0 0 0 1 0.5 0.14 0 -1
1 0.412330827067669 0.0476785714285714 0.5 0.0769230769230769 0.375 0.00578947368421053 0 0 0 0 0.5 0.084 0 -1
1 0.210526315789474 0.0460714285714286 0.5 0.230769230769231 0.875 0.0087719298245614 0 0 0 1 0 0.07 0 -1
1 0.319548872180451 0.120535714285714 0.5 0.538461538461538 0.875 0.290877192982456 0 0 0 1 0.5 0 0 -1
1 0.140300751879699 0.410714285714286 0.5 0.153846153846154 0.375 0.12280701754386 1 1 0.134328358208955 0 0.5 0.028 0.00742 1
1 0.380902255639098 0.214285714285714 0.5 0.461538461538462 0.375 0.0452631578947368 1 1 0.0746268656716418 1 0.5 0.054 0.01097 1
0 0.216842105263158 0.0208928571428571 0.5 0.384615384615385 0.375 0.00140350877192982 0 0 0 0 0.5 0.13 0.01004 -1
0 0.161654135338346 0.455357142857143 0.5 0.538461538461538 0.5 0.166666666666667 1 1 0.0298507462686567 0 0.5 0.0365 0.00444 1
1 0.239398496240602 0.0505357142857143 0.5 0.615384615384615 0.875 0.0263157894736842 1 1 0.0149253731343284 0 0.5 0.12 0.001 1
1 0.139097744360902 0.0267857142857143 0.5 0.461538461538462 0.375 0.0175438596491228 0 0 0 1 0 0.16 0 -1
1 0.0639097744360902 0.00589285714285715 0.5 0.769230769230769 0.75 0.00736842105263157 0 0 0 0 0.5 0.1 0.000399999999999999 1
0 0.161654135338346 0.08625 0 0.538461538461538 0.375 0 0 0 0 0 0.5 0.06 0 -1
1 0.398496240601504 0.767857142857143 0.5 0.692307692307692 1 0.701754385964912 1 1 0.164179104477612 0 0.5 0 0.012 1
1 0.076390977443609 0.0148214285714286 0 0.538461538461538 0.375 0.00578947368421053 0 1 0.0149253731343284 0 0.5 0.1 9.99999999999977e-06 -1
0 0.659097744360902 0.0714285714285714 0.5 0 0 0.228070175438597 0 1 0.0149253731343284 0 0.5 0 0.000100000000000001 -1
0 0.161654135338346 0.0178571428571429 0.5 0.769230769230769 0.875 0.0526315789473684 1 0 0 0 0.5 0.14 0.00824 1
1 0.307067669172932 0.1875 0.5 0.615384615384615 0.375 0.00298245614035087 0 0 0 1 0.5 0.145 6e-05 1
1 0.269473684210526 0.577321428571429 0.5 0.0769230769230769 0.375 0.105263157894737 1 1 0.134328358208955 0 0.5 0.125 0.0073 1
1 0.141654135338346 0 0.5 0.538461538461538 0.375 0 0 0 0 0 1 0.092 0 1
1 0.305714285714286 0.00285714285714286 0 0.461538461538462 0.5 0.00140350877192982 1 1 0.0149253731343284 1 0.5 0.14 0.02 1
0 0.205563909774436 0.517857142857143 0.5 1 0.875 0.108245614035088 1 1 0.0149253731343284 0 0.5 0.06 0.00011 1
1 0.315789473684211 0.0892857142857143 0.5 0.923076923076923 0.5 0.0175438596491228 0 0 0 0 0.5 0.174 0 -1
1 0.358345864661654 0 0.5 0.538461538461538 0.375 0 0 0 0 0 1 0.092 0 1
0 0.105263157894737 0.340714285714286 0.5 0.153846153846154 0.375 0.00140350877192982 0 0 0 0 0.5 0.1 0.01 -1
1 0.43984962406015 0.0103571428571429 0 0.923076923076923 0.875 0.0614035087719298 1 1 0.119402985074627 0 0.5 0.05 0.00375 1
1 0.241804511278196 0.0728571428571429 0 1 0.875 0.00140350877192982 0 0 0 0 0.5 0.064 9.99999999999977e-06 -1
1 0.110225563909774 0.360178571428572 0 0.692307692307692 0.875 0.043859649122807 0 0 0 0 0.5 0.13 0 -1
1 0.745563909774436 0.0192857142857143 0.5 0.538461538461538 0.375 0.0205263157894737 1 1 0.0447761194029851 1 0.5 0.09 0 -1
1 0.31203007518797 0.144285714285714 0 0.153846153846154 0.5 0.298245614035088 1 1 0.104477611940299 1 0.5 0.0975 0 1
1 0.504962406015038 0.232142857142857 0.5 0.538461538461538 0.375 0.0350877192982456 0 0 0 1 0.5 0 0.00228 -1
1 0.169172932330827 0.446428571428572 0.5 0.384615384615385 0.375 0.105263157894737 1 0 0 1 0 0.00999999999999999 0 1
1 0.111578947368421 0.00892857142857144 0 0.538461538461538 0.875 0.0087719298245614 0 0 0 0 0.5 0.14 0.00204 -1
0 0.360902255639098 0.196428571428571 0.5 0.769230769230769 0.375 0.0043859649122807 1 0 0 1 0.5 0.114 0 1
1 0.27187969924812 0.0892857142857143 0.5 0.384615384615385 0.375 0.263157894736842 1 0 0 1 0.5 0.2615 0 -1
1 0.344661654135338 0.157678571428571 0 0.230769230769231 0.375 0.0087719298245614 1 1 0.149253731343284 1 0.5 0.16 0 1
1 0.646616541353384 0.4375 0.5 0.461538461538462 0.375 0.043859649122807 1 1 0.0597014925373134 1 0.5 0.1 0 1
1 0.155338345864662 0.321428571428571 0.5 0.384615384615385 0.375 0.0087719298245614 0 0 0 1 0.5 0 0 -1
1 0.421052631578947 0.0342857142857143 0.5 1 0.375 0.087719298245614 1 0 0 0 0.5 0.255 0.006 1
0 0.457443609022556 0.238035714285714 0.5 0.769230769230769 0.375 0.258771929824561 1 1 0.0447761194029851 1 0.5 0 0 1
1 0.39218045112782 0.0178571428571429 0.5 0.461538461538462 0.375 0.0087719298245614 1 0 0 0 0 0.144 0 -1
1 0.298195488721805 0.0982142857142857 0.5 0.461538461538462 0.375 0.149122807017544 1 1 0.0895522388059702 0 0.5 0.102 0 1
1 0.139097744360902 0.0223214285714286 0 0.384615384615385 0.375 0.0043859649122807 1 0 0 0 0.5 0.09 9.99999999999977e-06 -1
1 0.132781954887218 0.358571428571429 0.5 1 0.375 0.00140350877192982 1 1 0.134328358208955 0 0.5 0.03 0.00396 1
0 0.204210526315789 0.0594642857142857 0.5 0 0 0 0 0 0 0 0.5 0.17 9.99999999999977e-06 -1
1 0.318345864661654 0.0892857142857143 0.5 0.615384615384615 0.375 0 1 0 0 1 0.5 0.1195 0.002 1
0 0.506315789473684 0.285714285714286 0.5 0.692307692307692 0.5 0.228070175438597 1 1 0.0895522388059702 0 0.5 0.1875 0.511 1
0 0.220601503759399 0.125 0.5 0.615384615384615 0.375 0.0292982456140351 1 0 0 0 0 0.14 0 1
1 0.278195488721805 0.00589285714285715 0 0.538461538461538 0.875 0.114035087719298 1 1 0.0149253731343284 1 0.5 0.216 0.08 1
1 0.111578947368421 0.03125 0 0.538461538461538 0.875 0.0087719298245614 0 0 0 0 0.5 0.14 0.00204 -1
1 0.52 0.428571428571429 0.5 0.461538461538462 0.375 0.56140350877193 1 0 0 0 0 0.055 0 1
0 0.254436090225564 0.428571428571429 0.5 0.538461538461538 0.375 0.0701754385964912 1 1 0.0149253731343284 0 0.5 0.11 0.00019 1
0 0.631578947368421 0.252857142857143 0.5 0.230769230769231 0.875 0.236842105263158 1 1 0.0447761194029851 1 0.5 0.05 5e-04 -1
1 0.037593984962406 0 0 0.384615384615385 0.375 0.0087719298245614 0 0 0 0 0.5 0.03 0 -1
0 0.26796992481203 0.125 0.5 0.0769230769230769 0.375 0.105263157894737 1 0 0 1 0.5 0.15 0 -1
1 0.0852631578947369 0.0535714285714286 0 0.923076923076923 0.375 0.0701754385964912 1 0 0 1 0.5 0.05 2e-04 -1
1 0.12781954887218 0.0164285714285714 0.5 0.230769230769231 0.375 0.0043859649122807 0 0 0 1 0.5 0.14 0.00055 -1
0 0.399699248120301 0.269285714285714 0 0.769230769230769 0.875 0.280701754385965 1 1 0.208955223880597 0 0.5 0 0.023 1
1 0.0702255639097745 0.371964285714286 0 0.384615384615385 0.375 0.0043859649122807 1 0 0 0 0.5 0.06 0.00375 -1
1 0.126616541353384 0.0208928571428571 0 0 0 0 0 0 0 0 0.5 0.05 0 -1
0 0.142857142857143 0.209821428571429 0.5 0.769230769230769 0.375 0.111228070175439 1 1 0.149253731343284 0 0.5 0.06 0.00245 1
1 0.134135338345865 0.0267857142857143 0.5 0.153846153846154 0.375 0.0556140350877193 0 1 0.0149253731343284 1 0.5 0.2 8.99999999999994e-05 -1
1 0.0363909774436091 0.00142857142857144 0.5 0.538461538461538 0.375 0.00140350877192982 0 0 0 0 0.5 0 0 1
1 0.424812030075188 0.00732142857142859 0.5 0.153846153846154 0.875 0.179824561403509 1 0 0 0 0.5 0.2 0 1
0 0.10406015037594 0.0655357142857143 0.5 0.769230769230769 0.375 0.0731578947368421 1 1 0.0746268656716418 0 0.5 0.11 0.02503 1
1 0.180451127819549 0.0178571428571429 0.5 0.538461538461538 0.375 0.0512280701754386 1 1 0.0746268656716418 1 0.5 0.156 0 1
0 0.0627067669172933 0.364642857142857 0.5 0 0 0 0 0 0 0 0.5 0 5e-04 -1
0 0.201804511278196 0.0446428571428572 0.5 0 0 0 0 1 0.0149253731343284 0 0.5 0.046 0.003 -1
1 0.194285714285714 0.520892857142857 0.5 0.153846153846154 0.5 0 0 0 0 1 0.5 0.089 0 -1
1 0.423609022556391 0.015 0.5 0.538461538461538 0.875 0.00736842105263157 1 1 0.0895522388059702 0 0.5 0.11 0.00948 1
1 0.146616541353383 0.0982142857142857 0.5 0 0 0.157894736842105 0 0 0 0 0.5 0.08 0.00025 -1
0 0.116541353383459 0.214285714285714 0.5 0.384615384615385 0.375 0.087719298245614 1 1 0.0447761194029851 0 0.5 0.04 0.00918 1
1 0.918496240601504 0.678571428571429 0 0 0 0.00140350877192982 0 1 0.0298507462686567 0 0.5 0 0.00351 -1
1 0.330827067669173 0.08625 0.5 0.615384615384615 0.375 0.0043859649122807 0 1 0.0298507462686567 0 0.5 0.11 9.99999999999977e-06 -1
1 0.125263157894737 0.409285714285714 0.5 0.230769230769231 0.375 0.0556140350877193 0 0 0 1 0.5 0.05 0.01212 -1
0 0.16796992481203 0.0446428571428572 0.5 0 0 0 1 0 0 0 0.5 0.04 0 -1
1 0.0726315789473684 0.203928571428571 0.5 0.0769230769230769 0.375 0.0189473684210526 0 0 0 0 0.5 0.06 0 -1
1 0.135338345864662 0.410714285714286 0.5 0.153846153846154 0.375 0.0145614035087719 0 0 0 0 0.5 0 0 -1
1 0.641654135338346 1 0 0.538461538461538 0.375 1 1 1 0.597014925373134 0 0.5 0 0.000149999999999999 1
0 0.216842105263158 0.0133928571428571 0.5 0.769230769230769 0.375 0.0205263157894737 1 1 0.0597014925373134 0 0.5 0.04 0 1
1 0.243157894736842 0.0655357142857143 0.5 0.538461538461538 0.875 0.152105263157895 1 0 0 0 0.5 0.13 0.002 1
1 0.427368421052632 0.18 0.5 0.769230769230769 0.875 0.447368421052632 1 0 0 1 0.5 0.046 0 1
0 0.155338345864662 0.0178571428571429 0.5 0.769230769230769 0.875 0.043859649122807 1 1 0.0149253731343284 0 0.5 0 0.00678 1
1 0.171729323308271 0.107142857142857 0.5 0.538461538461538 0.375 0.043859649122807 0 1 0.0149253731343284 0 0.5 0 0.000220000000000001 -1
1 0.210526315789474 0.0208928571428571 0 0.923076923076923 0.375 0.0087719298245614 1 1 0.0298507462686567 0 0.5 0.13 0.005 1
0 0.0676691729323309 0.357142857142857 0.5 0.615384615384615 0.375 0.0350877192982456 0 1 0.0149253731343284 0 0.5 0.06 9.99999999999977e-06 -1
1 0.29203007518797 0.0357142857142857 0.5 1 0.375 0.0263157894736842 1 1 0.104477611940299 1 0.5 0.17 0.04071 1
1 0.235639097744361 0.0446428571428572 0.5 0.615384615384615 0.375 0.0614035087719298 0 0 0 0 0.5 0.1 0 -1
1 0.235639097744361 0.0446428571428572 0.5 0.538461538461538 0.875 0.0087719298245614 0 1 0.0298507462686567 1 0.5 0.2 0.00108 -1
1 0.184210526315789 0.0357142857142857 0.5 0.769230769230769 0.375 0.0614035087719298 1 0 0 1 0.5 0.14 0 1
1 0.101503759398496 0.08625 0.5 0.538461538461538 0.375 0.0701754385964912 1 1 0.164179104477612 1 0.5 0.1 0.03 1
1 0.274436090225564 0.0625 0 0.692307692307692 0.875 0.00140350877192982 1 0 0 1 0.5 0.1965 0 1
1 0.109022556390977 0.107142857142857 0 0.0769230769230769 0.375 0.0380701754385965 1 1 0.119402985074627 1 0.5 0.08 9.99999999999977e-06 1
1 0.0852631578947369 0.232142857142857 0.5 0.615384615384615 0.875 0.0512280701754386 1 1 0.104477611940299 0 0.5 0.04 0.02954 1
1 0.140300751879699 0.0892857142857143 0.5 0.538461538461538 0.375 0.0380701754385965 1 1 0.164179104477612 1 0.5 0.03 0.02184 1
1 0.140300751879699 0 0.5 0.230769230769231 0.375 0.0350877192982456 0 1 0.164179104477612 0 0 0 0 -1
1 0.0526315789473684 0.107142857142857 0.5 0.230769230769231 0.375 0.00140350877192982 0 0 0 1 0.5 0.08 0.000399999999999999 -1
0 0.165413533834586 0.446428571428572 0.5 0.384615384615385 0.375 0.0526315789473684 1 1 0.17910447761194 1 0.5 0.06 0.00567 1
1 0.126616541353384 0.0803571428571429 0.5 0.153846153846154 0.375 0.0043859649122807 0 0 0 0 0.5 0.08 0.000100000000000001 -1
0 0.076390977443609 0.157678571428571 0 0.538461538461538 0.875 0.105263157894737 1 0 0 0 0.5 0.12 0 1
1 0.194285714285714 0.0625 0 0.538461538461538 0.375 0.0350877192982456 1 1 0.0746268656716418 1 0.5 0.08 0.05777 1
1 0.137894736842105 0.00607142857142858 0.5 0.461538461538462 0.375 0.00298245614035087 0 0 0 0 0 0 0 -1
1 0.26796992481203 0.107142857142857 0 0.153846153846154 0.5 0.245614035087719 0 0 0 0 0.5 0 9.99999999999977e-06 -1
1 0.393533834586466 0.221785714285714 0.5 0.769230769230769 0.375 0.00140350877192982 1 1 0.0149253731343284 0 0.5 0.1 0.003 1
0 0.517593984962406 0.0476785714285714 0.5 0.153846153846154 0.75 0.0117543859649123 0 0 0 0 0.5 0 0.0012 -1
1 0.203007518796993 0.0223214285714286 0.5 0.384615384615385 0.375 0.0159649122807018 1 0 0 1 0.5 0.1 0 -1
1 0.260601503759399 0.110178571428571 0.5 0.538461538461538 0.375 0.087719298245614 0 1 0.0298507462686567 1 0.5 0.08 0.000410000000000001 -1
0 0.10406015037594 0.107142857142857 0.5 0.769230769230769 0.375 0.00578947368421053 1 1 0.0447761194029851 0 0.5 0.05 6e-05 1
1 0.195488721804511 0.0401785714285714 0.5 1 0.875 0.043859649122807 1 0 0 0 0.5 0 0.05298 1
1 0.241804511278196 0.0446428571428572 0 0.230769230769231 0.375 0.0087719298245614 0 0 0 0 0.5 0.112 0 -1
1 0.409774436090226 0.00142857142857144 0.5 0.692307692307692 0.375 0.00140350877192982 0 1 0.0149253731343284 0 0 0.28 0 1
1 0.238045112781955 0.169642857142857 0.5 0.461538461538462 0.375 0.0701754385964912 0 1 0.0149253731343284 1 0.5 0.23 0.00068 -1
1 0.27187969924812 0.00142857142857144 0 0.461538461538462 0.375 0.00140350877192982 0 0 0 0 0.5 0 0 -1
1 0.387218045112782 0.0580357142857143 0.5 0.538461538461538 0.375 0.0526315789473684 0 0 0 0 0.5 0 0.00316 -1
1 0.211729323308271 0.0535714285714286 0.5 0.615384615384615 0.375 0.0701754385964912 1 1 0.164179104477612 1 0.5 0.217 0.000350000000000001 1
0 0.119097744360902 0.410714285714286 0 0.307692307692308 0.25 0 1 1 0.164179104477612 1 0.5 0 0 1
1 0.233082706766917 0.528214285714286 0.5 0.384615384615385 0.375 0.176842105263158 1 1 0.0746268656716418 1 0.5 0.084 0 1
0 0.101503759398496 0.422678571428572 0.5 0.538461538461538 0.875 0.210526315789474 1 0 0 0 0.5 0.17 0 1
1 0.0664661654135339 0.0878571428571429 0.5 0.538461538461538 0.75 0.0336842105263158 0 1 0.0298507462686567 1 0.5 0.08 0.00587 -1
1 0.145413533834587 0.0208928571428571 0.5 0.538461538461538 0.875 0.00298245614035087 1 0 0 0 0.5 0.09 0 -1
0 0.105263157894737 0.366071428571429 0.5 0.769230769230769 0.375 0.0249122807017544 1 1 0.0298507462686567 1 0.5 0.0245 0 1
1 0.316992481203008 0.142857142857143 0.5 0.0769230769230769 0.5 0.43859649122807 1 0 0 1 0.5 0.092 0 -1
1 0.239398496240602 0.0267857142857143 0 0.538461538461538 0.375 0.00140350877192982 0 0 0 0 0.5 0.12 0 -1
1 0.0789473684210527 0 0 0 0 0 0 1 0.0597014925373134 0 0.5 0.0225 9.99999999999977e-06 -1
1 0.0500751879699248 0.00892857142857144 0.5 0.769230769230769 0.375 0.0117543859649123 0 1 0.0597014925373134 0 0.5 0.08 7.99999999999996e-05 -1
1 0.307067669172932 0.055 0.5 0.923076923076923 0.375 0.0540350877192982 1 1 0.0149253731343284 1 0.5 0.26 0.5 1
0 0.095187969924812 0.0446428571428572 0.5 0.538461538461538 0.375 0 0 0 0 0 0.5 0 0 -1
1 0.335789473684211 0.0907142857142857 0.5 0 0 0 0 0 0 0 0.5 0 0.01 -1
1 0.339548872180451 0.0758928571428572 0 0.615384615384615 0.375 0.00298245614035087 1 1 0.0149253731343284 0 0.5 0.025 0.01187 1
1 0.209323308270677 0.0714285714285714 0.5 1 0.875 0.0350877192982456 1 1 0.0597014925373134 0 0.5 0.07 0.07544 1
1 0.264360902255639 0.696428571428571 0.5 0.538461538461538 0.375 0.245614035087719 1 1 0.238805970149254 0 0.5 0 0.05 1
1 0.517593984962406 0.125 0.5 0.384615384615385 0.375 0.12280701754386 1 0 0 0 0 0.115 0 1
1 0.121503759398496 0.00892857142857144 0.5 0.0769230769230769 0.875 0.0233333333333333 1 0 0 1 0.5 0 0 1
1 0.199248120300752 0.0535714285714286 0 0.615384615384615 0.375 0.0131578947368421 1 0 0 1 0.5 0.13 0.01065 1
1 0.68796992481203 0.0982142857142857 0.5 0.615384615384615 0.375 0.0614035087719298 1 1 0.0746268656716418 1 0.5 0.03 0.00058 1
0 0.0413533834586466 0.0446428571428572 0.5 0.769230769230769 0.375 0.0087719298245614 0 1 0.0149253731343284 0 0.5 0.054 0.00098 -1
1 0.0965413533834587 0.330357142857143 0.5 0.538461538461538 0.375 0.0584210526315789 1 1 0.0447761194029851 1 0.5 0.02 0.000279999999999999 1
0 0.293233082706767 0.107142857142857 0 0.384615384615385 0.375 0.0701754385964912 0 0 0 0 0.5 0.09 0 -1
0 0.106466165413534 0.107142857142857 0.5 0.384615384615385 0.375 0.00140350877192982 1 0 0 0 0.5 0.05 0 1
1 0.382255639097744 0.0610714285714286 0.5 1 0.375 0.0043859649122807 1 1 0.0746268656716418 1 0.5 0.24 0 1
1 0.518796992481203 0.895892857142857 0.5 0.615384615384615 0.375 0.0614035087719298 1 1 0.0447761194029851 0 0.5 0.06 0.00014 1
1 0.360902255639098 0.25 0.5 0.769230769230769 0.875 0.403508771929825 1 1 0.104477611940299 1 0.5 0.15 5.00000000000003e-05 -1
1 0.179248120300752 0.116071428571429 0.5 0.538461538461538 0.875 0.0803508771929825 0 1 0.0149253731343284 1 0.5 0.208 0.000209999999999999 -1
1 0.305714285714286 0.0892857142857143 0.5 0.538461538461538 0.375 0.0350877192982456 0 0 0 0 0.5 0.23 0.000160000000000001 -1
0 0.215488721804511 0.535714285714286 0 0.692307692307692 1 0 1 0 0 0 0.5 0 0.13212 1
0 0.380902255639098 0.142857142857143 0.5 0.538461538461538 0.375 0.105263157894737 0 0 0 0 0.5 0.24 0 -1
1 0.279398496240602 0.0892857142857143 0.5 0.538461538461538 0.375 0.043859649122807 0 0 0 1 0.5 0.14 0 -1
1 0.0589473684210527 0.159285714285714 0.5 0.538461538461538 0.375 0.0087719298245614 0 0 0 0 0 0.04 0 -1
0 0.276992481203008 0.0521428571428572 0.5 0.615384615384615 0.375 0.0380701754385965 1 1 0.238805970149254 0 0.5 0.06 0.02079 1
1 0.299548872180451 0.0773214285714286 0.5 0.538461538461538 0.375 0.0526315789473684 0 0 0 0 1 0.06 0 -1
1 0.10406015037594 0.0148214285714286 0.5 0.538461538461538 0.375 0.0043859649122807 0 0 0 0 0.5 0 0.00044 -1
1 0.211729323308271 0.0357142857142857 0 0.0769230769230769 0.875 0.105263157894737 0 0 0 0 0.5 0.088 0.00537 -1
0 0.185413533834586 0.309464285714286 0.5 0.384615384615385 0.375 0.0496491228070175 1 0 0 0 0.5 0.08 0.0015 1
1 0.0815037593984963 0.339285714285714 0.5 0.615384615384615 0.375 0.0526315789473684 1 0 0 0 0.5 0.06 0.02206 1
1 0.137894736842105 0.113035714285714 0 0.538461538461538 0.375 0.00578947368421053 0 0 0 0 0.5 0.08 0.01058 -1
1 0.344661654135338 0.0714285714285714 0.5 0.153846153846154 0.375 0.0087719298245614 0 0 0 1 0.5 0.1105 0 -1
0 0.161654135338346 0.0371428571428572 0 0 0 0.0175438596491228 1 1 0.0447761194029851 0 0.5 0.09 0.00147 -1
0 0.223007518796993 0.126428571428571 0.5 0.153846153846154 0.5 0.0175438596491228 1 0 0 1 0.5 0.0855 0 -1
0 0.221804511278196 0.108571428571429 0 1 0.875 0.0891228070175439 1 1 0.0149253731343284 0 0.5 0.035 0 1
1 0.403458646616541 0.1175 0.5 0.461538461538462 0.375 0.12280701754386 0 0 0 1 0 0.2 0 -1
0 0.671729323308271 0.75 0.5 0.153846153846154 0.5 0.350877192982456 1 1 0.194029850746269 0 0.5 0 0.067 1
1 0.162857142857143 0.482142857142857 0 0 0 0 0 0 0 0 0.5 0.092 0 -1
0 0.0613533834586466 0.392857142857143 0.5 1 0.875 0.0350877192982456 1 1 0.164179104477612 0 0.5 0 0.03 1
0 0.100300751879699 0.267857142857143 0.5 0.230769230769231 0.375 0.0526315789473684 1 1 0.0149253731343284 0 0.5 0.08 0.00234 1
0 0.270676691729323 0.107142857142857 0 0.307692307692308 0.25 0 0 0 0 0 0.5 0.08 2e-04 -1
0 0.0538345864661654 0.339285714285714 0.5 0.384615384615385 0.375 0.0614035087719298 0 1 0.149253731343284 1 0.5 0 0.000100000000000001 -1
1 0.249323308270677 0.0178571428571429 0.5 0.0769230769230769 0.875 0.00298245614035087 0 0 0 1 0 0.126 0 -1
1 0.155338345864662 0.03125 0.5 0.461538461538462 0.375 0.00298245614035087 0 1 0.0597014925373134 0 0.5 0.127 0.0195 -1
0 0.368421052631579 0.214285714285714 0.5 0.230769230769231 0.375 0.0350877192982456 1 0 0 1 0.5 0 0 1
1 0.437293233082707 0.0446428571428572 0.5 0.461538461538462 0.375 0.486842105263158 0 1 0.0149253731343284 1 0.5 0.176 0.00112 -1
0 0.0777443609022557 0.321428571428571 0.5 0.384615384615385 0.375 0.0263157894736842 1 1 0.0298507462686567 0 0.5 0.044 0.00591 1
1 0.246917293233083 0.0178571428571429 0.5 0.538461538461538 0.375 0.0614035087719298 1 1 0.164179104477612 0 0.5 0.016 0.0054 1
1 0.318345864661654 0.178571428571429 0.5 1 0.875 0.263157894736842 1 1 0.0895522388059702 1 0.5 0 0.01 1
1 0.183007518796993 0.03125 0.5 0.230769230769231 0.375 0.0131578947368421 0 1 0.0298507462686567 1 0.5 0.087 2.99999999999993e-05 -1
1 0.260601503759399 0.0535714285714286 0 0.615384615384615 0.375 0.00140350877192982 0 0 0 0 0 0.08 0 -1
0 0.0890225563909775 0.0075 0.5 0.769230769230769 0.875 0.0101754385964912 1 1 0.164179104477612 0 0.5 0.04 0.00099 1
0 0.161654135338346 0.0625 0 0.538461538461538 0.375 0.00578947368421053 0 0 0 0 0.5 0.066 0 -1
0 0.595187969924812 0.00589285714285715 0.5 0 0 0 0 0 0 1 0 0.031 0.00027 -1
1 0.26796992481203 0.0133928571428571 0.5 0.0769230769230769 0.375 0.0307017543859649 1 0 0 1 0 0.464 0 -1
1 0.254436090225564 0.0892857142857143 0.5 0.923076923076923 0.875 0.0789473684210526 0 0 0 1 0 0.17 0 -1
1 0.26812030075188 0.0267857142857143 0 0.384615384615385 0.375 0.12280701754386 0 0 0 1 0.5 0.16 0 -1
1 0.556390977443609 0.0208928571428571 0.5 0 0 0 0 0 0 0 0.5 0.0725 0 -1
0 0.670375939849624 0.357142857142857 0.5 0.769230769230769 0.375 0.140350877192982 1 1 0.208955223880597 0 0.5 0 0.01602 1
0 0.0815037593984963 0.0208928571428571 0 0.384615384615385 0.375 0.0205263157894737 1 0 0 1 0.5 0.08 0 -1
0 0.076390977443609 0.339285714285714 0.5 0.615384615384615 0.375 0.0570175438596491 1 1 0.0895522388059702 1 0.5 0.02 0.006 1
1 0.517593984962406 0.272321428571429 0.5 0.615384615384615 0.875 0.543859649122807 1 1 0.17910447761194 0 0.5 0 0.0079 1
0 0.0777443609022557 0.330357142857143 0 0.538461538461538 0.375 0.0350877192982456 1 1 0.0597014925373134 1 0.5 0.04 0.005 1
0 0.130375939849624 0.202321428571429 0.5 0.769230769230769 0.375 0.0907017543859649 1 1 0.104477611940299 0 0.5 0.0645 0.03257 1
0 0.418496240601504 0.0371428571428572 0.5 0.384615384615385 0.375 0.0233333333333333 0 0 0 0 0.5 0.12 0.00237 -1
1 0.225563909774436 0.0535714285714286 0 0.538461538461538 0.375 0.0526315789473684 1 0 0 1 0.5 0 0.00225 -1
1 0.512481203007519 0.14875 0.5 1 0.5 0.00298245614035087 0 0 0 1 0.5 0.26 0 -1
1 0.195488721804511 0.160714285714286 0 0.538461538461538 0.5 0.087719298245614 0 0 0 0 0.5 0.1 0.0121 -1
1 0.322105263157895 0.160714285714286 0.5 1 0.875 0.201754385964912 0 0 0 1 0 0.3555 0 1
0 0.209323308270677 0.0728571428571429 0.5 0.615384615384615 0.375 0.0087719298245614 0 0 0 1 0.5 0.09 5e-04 -1
1 0.581503759398496 0.0535714285714286 0.5 0.0769230769230769 0.375 0.131578947368421 0 0 0 1 0.5 0 0.0035 -1
1 0.101503759398496 0.357142857142857 0 0.538461538461538 0.375 0.087719298245614 1 0 0 0 0 0.02 0 1
0 0.0589473684210527 0 0 0.307692307692308 0 0 0 0 0 0 0.5 0.043 0 -1
0 0.495037593984962 0.0164285714285714 0.5 0.923076923076923 0.875 0.0145614035087719 1 1 0.164179104477612 1 0.5 0.22 6e-05 1
0 0.253082706766917 0.380892857142857 0.5 0.769230769230769 0.875 0.00298245614035087 0 1 0.17910447761194 1 0.5 0.0645 2.99999999999993e-05 -1
1 0.572631578947368 0.0728571428571429 0 0 0 0.0526315789473684 0 0 0 0 0.5 0.06 9.99999999999977e-06 -1
1 0.100300751879699 0.03875 0.5 0.769230769230769 0.375 0.0526315789473684 0 0 0 0 0.5 0.054 6.99999999999998e-05 -1
1 0.22812030075188 0.0133928571428571 0.5 0.538461538461538 0.375 0.0101754385964912 0 0 0 0 0.5 0.11 0.0014 -1
0 0.131578947368421 0.302142857142857 0 1 0.375 0.0863157894736842 0 0 0 0 0.5 0.082 0 1
1 0.0890225563909775 0.0133928571428571 0.5 0.769230769230769 0.375 0.0701754385964912 1 1 0.0298507462686567 1 0.5 0.04 0 1
0 0.131578947368421 0.0148214285714286 0.5 0.153846153846154 0.375 0.0117543859649123 0 0 0 1 0 0.072 0 -1
0 0.14781954887218 0.0208928571428571 0 0 0 0.0043859649122807 0 0 0 0 0.5 0.06 0.00087 -1
1 0.132781954887218 0.0535714285714286 0 0.384615384615385 0.375 0.0189473684210526 0 0 0 1 0.5 0.06 0.00067 -1
1 0.0726315789473684 0.3675 0.5 0 0 0.0145614035087719 0 0 0 0 0.5 0.04 0 -1
1 0.0551879699248121 0.232142857142857 0.5 0.153846153846154 0.375 0.0043859649122807 0 0 0 0 0.5 0.03 0.001 -1
1 0.432330827067669 0.175535714285714 0 0.615384615384615 0.375 0.111052631578947 1 0 0 1 0.5 0.026 0.01442 1
0 0.37593984962406 0.0535714285714286 0.5 0 0 0 0 0 0 0 0.5 0.038 0 -1
1 0.160451127819549 0.0714285714285714 0.5 0.692307692307692 0.125 0.00578947368421053 0 1 0.0298507462686567 0 0.5 0.16 0.013 -1
0 0.120300751879699 0.419642857142857 0.5 0.538461538461538 0.375 0.0087719298245614 0 0 0 1 0.5 0.09 0 -1
1 0.126616541353384 0.433035714285714 0.5 0.538461538461538 0.375 0.117017543859649 0 1 0.0298507462686567 1 0.5 0.09 0.00173 -1
1 0.0664661654135339 0.366071428571429 0.5 0.538461538461538 0.875 0.0380701754385965 0 0 0 0 0.5 0.16 0.00013 -1
0 0.240601503759399 0.02375 0.5 0.615384615384615 0.375 0.0087719298245614 0 0 0 1 0.5 0.15 0 -1
1 0.0627067669172933 0.00732142857142859 0.5 0.384615384615385 0.375 0.00140350877192982 0 0 0 0 0.5 0.14 0.0075 -1
1 0.357142857142857 0.0625 0 0.538461538461538 0.5 0.0087719298245614 1 0 0 1 0.5 0.082 0.004 -1
1 0.315789473684211 0.535714285714286 0.5 0.846153846153846 0.75 0.18859649122807 1 1 0.134328358208955 1 0.5 0 0.00134 1
1 0.0213533834586466 0.25 0.5 0.692307692307692 0.375 0.0350877192982456 0 0 0 0 0.5 0.3 0 -1
0 0.0350375939849624 0.0119642857142857 0.5 0 0 0 0 1 0.0149253731343284 0 0.5 0.08 0.00126 -1
1 0.338345864661654 0.178571428571429 0.5 0.538461538461538 0.5 0.087719298245614 1 1 0.0895522388059702 0 0.5 0 0.00367 1
1 0.186766917293233 0.00892857142857144 0.5 0.153846153846154 0.5 0 1 0 0 1 0.5 0 0 1
1 0.523759398496241 0.232142857142857 0.5 0.769230769230769 0.875 0.210526315789474 1 0 0 1 0.5 0.175 0 1
0 0.316992481203008 0.0446428571428572 0 0.153846153846154 0.875 0.0175438596491228 0 0 0 1 0.5 0.08 0 -1
0 0.503759398496241 0.0267857142857143 0.5 0.769230769230769 0.875 0.0964912280701754 1 1 0.0149253731343284 0 0.5 0.1665 0.00892 1
0 0.354586466165414 0.0892857142857143 0.5 0.153846153846154 0.875 0.00736842105263157 0 0 0 0 0.5 0.13 0.00246 -1
1 0.275639097744361 0.142857142857143 0.5 0.461538461538462 0.375 0.087719298245614 1 0 0 1 0.5 0.18 0 1
1 0.41609022556391 0.178571428571429 0.5 0.769230769230769 0.875 0.175438596491228 1 1 0.0895522388059702 1 0.5 0.235 0 1
1 0.111578947368421 0 0.5 0.538461538461538 0.375 0.0175438596491228 0 0 0 1 0 0 0 -1
0 0.221804511278196 0.0357142857142857 0.5 0.769230769230769 0.375 0.0350877192982456 1 1 0.0298507462686567 1 0.5 0.0835 0.005 -1
1 0.105263157894737 0.181607142857143 0 0.307692307692308 0.375 0.0101754385964912 0 0 0 0 0.5 0.07 0.00184 -1
1 0.454887218045113 0.0714285714285714 0.5 0.461538461538462 0.375 0.0614035087719298 1 1 0.0298507462686567 1 0.5 0 0.000149999999999999 1
1 0.195488721804511 0.0714285714285714 0.5 0.0769230769230769 0.375 0.0263157894736842 0 0 0 1 0.5 0.04 0 -1
0 0.12781954887218 0.0446428571428572 0 0 0 0.114035087719298 0 0 0 0 0.5 0.14 0 -1
1 0.038796992481203 0.145892857142857 0.5 0.153846153846154 0.875 0.0145614035087719 0 0 0 1 0.5 0.06 0 -1
1 0.0939849624060151 0.25 0.5 0.538461538461538 0.375 0.0175438596491228 0 0 0 0 0.5 0 0 -1
1 0.0651127819548872 0.241071428571429 0 0.461538461538462 0.375 0.00140350877192982 0 0 0 0 0.5 0.07 0 -1
0 0.203007518796993 0.0103571428571429 0.5 0.461538461538462 0.875 0.0043859649122807 0 1 0.0149253731343284 1 0.5 0.136 0.00108 -1
1 0.0714285714285714 0.0714285714285714 0.5 0.153846153846154 0.375 0.0526315789473684 1 1 0.0298507462686567 0 0.5 0.06 0.003 1
0 0.0815037593984963 0.306607142857143 0.5 0.923076923076923 0.875 0.0263157894736842 1 1 0.104477611940299 0 0.5 0.048 0 1
1 0.125263157894737 0.0296428571428572 0.5 0.538461538461538 0.875 0.0759649122807017 0 0 0 1 0.5 0.064 0 1
1 0.134135338345865 0.375 0.5 0.769230769230769 0.875 0.0468421052631579 1 0 0 0 0.5 0.05 0 1
1 0.510075187969925 0.0892857142857143 0.5 0.461538461538462 0.5 0.087719298245614 1 1 0.17910447761194 1 0.5 0.205 0.0251 1
1 0.216842105263158 0.00446428571428571 0 0.230769230769231 0.375 0.00298245614035087 0 0 0 0 0.5 0.108 0.021 -1
0 0.484962406015038 0.142857142857143 0.5 0.307692307692308 0.25 0 1 0 0 0 0.5 0.05 0.0096 1
1 0.313233082706767 0 0.5 0.538461538461538 0.375 0 0 0 0 0 1 0.092 0 -1
1 0.214285714285714 0.107142857142857 0.5 0.615384615384615 0.375 0.0263157894736842 0 0 0 1 0.5 0.15 0.00067 -1
1 0.328270676691729 0.0267857142857143 0.5 0.230769230769231 0.375 0.0526315789473684 0 0 0 1 0.5 0.1155 0 -1
0 0.250676691729323 0.0491071428571429 0.5 0.615384615384615 0.875 0.00140350877192982 0 1 0.0447761194029851 0 0.5 0 0.00033 -1
0 0.838345864661654 0.214285714285714 0.5 0 0 0 0 0 0 0 0 0 0 -1
1 0.279398496240602 0.267857142857143 0.5 0.692307692307692 0.5 0.0556140350877193 1 0 0 1 0 0.21 0 -1
1 0.394736842105263 0.232142857142857 0.5 0.384615384615385 0.5 0.12280701754386 1 1 0.0149253731343284 0 0.5 0 0.005 1
1 0.139097744360902 0.0267857142857143 0.5 0.461538461538462 0.375 0.0175438596491228 1 0 0 1 0 0.16 0 -1
0 0.057593984962406 0.321428571428571 0.5 0.384615384615385 0.375 0.0482456140350877 1 0 0 1 0.5 0 0 1
1 0.180451127819549 0.0267857142857143 0.5 0.538461538461538 0.5 0.0087719298245614 1 0 0 0 0.5 0.1745 0.00023 1
1 0.378496240601504 0.0625 0.5 0.230769230769231 0.375 0.0175438596491228 0 0 0 1 0.5 0.15 1.99999999999995e-05 -1
1 0.35218045112782 0.142857142857143 0.5 0.538461538461538 0.5 0.175438596491228 1 0 0 1 0 0.14 0 -1
0 0.186766917293233 0.0714285714285714 0.5 0.307692307692308 0.25 0 0 0 0 1 0.5 0.138 9.99999999999977e-06 -1
0 0.647819548872181 0.151785714285714 0 0 0 0.175438596491228 0 0 0 1 0.5 0 4.00000000000005e-05 -1
1 0.218045112781955 0.183035714285714 0.5 1 0.375 0.166666666666667 1 1 0.0298507462686567 0 0.5 0.21 6.99999999999998e-05 1
1 0.64406015037594 0.660714285714286 0.5 0.0769230769230769 0.5 0.526315789473684 1 1 0.253731343283582 1 0.5 0 0 1
1 0.674135338345865 0.0967857142857143 0.5 0.538461538461538 0.375 0.0847368421052632 0 0 0 1 0.5 0.16 0 -1
1 0.45984962406015 0.0178571428571429 0.5 0.153846153846154 0.875 0.175438596491228 1 0 0 1 0.5 0.16 0 1
1 0.443609022556391 0.900357142857143 0.5 0.769230769230769 0.875 0.00736842105263157 1 1 0.0149253731343284 0 0.5 0.38 0.000899999999999999 -1
1 0.18796992481203 0.055 0.5 0.615384615384615 0.375 0.0043859649122807 0 0 0 0 0.5 0.05 0 -1
1 0.169172932330827 0.428571428571429 0.5 0.230769230769231 0.375 0.0789473684210526 1 1 0.0298507462686567 1 0.5 0.06 5.00000000000003e-05 -1
1 0.382255639097744 0.0892857142857143 0 0.153846153846154 0.875 0.350877192982456 0 0 0 1 0 0.1 0 -1
1 0.736842105263158 0.25 0.5 0.692307692307692 1 0 0 0 0 0 0.5 0 0.00012 -1
1 0.469924812030075 0.303571428571429 0.5 0.923076923076923 0.875 0.491228070175439 1 1 0.0149253731343284 1 0.5 0.044 0.02 1
1 0.0939849624060151 0.0446428571428572 0 0.230769230769231 0.375 0.0043859649122807 0 0 0 0 0.5 0.07 4.00000000000005e-05 -1
0 0.0726315789473684 0.357142857142857 0.5 0.0769230769230769 0.375 0.0145614035087719 0 0 0 0 0.5 0.04 0.00042 -1
1 0.256842105263158 0 0.5 0.615384615384615 0.375 0.043859649122807 1 1 0.0149253731343284 0 0.5 0.101 0 1
1 0.0939849624060151 0.394464285714286 0.5 0.538461538461538 0.375 0.0701754385964912 0 0 0 1 0.5 0.068 0 -1
1 0.634135338345865 0.410714285714286 0.5 0 0 0.175438596491228 1 1 0.0746268656716418 0 0.5 0 0.08851 1
1 0.10406015037594 0.188928571428571 0.5 0.769230769230769 0.375 0.0131578947368421 1 1 0.0149253731343284 0 0.5 0.08 0 -1
0 0.573984962406015 0.232142857142857 0.5 0.153846153846154 0.5 0.108245614035088 0 0 0 1 0.5 0.0365 0 -1
1 0.129022556390977 0.392857142857143 0.5 0.615384615384615 0.375 0.0701754385964912 1 1 0.0149253731343284 0 0.5 0.04 0.00278 1
1 0.176691729323308 0.0133928571428571 0.5 0.461538461538462 0.375 0.0087719298245614 1 1 0.0447761194029851 0 0.5 0.13 0.15108 1
0 0.345864661654135 0.183035714285714 0.5 0.692307692307692 0.375 0.175438596491228 1 0 0 1 0.5 0 0.04 1
1 0.523759398496241 0.00732142857142859 0 0.230769230769231 0.375 0.0087719298245614 1 1 0.164179104477612 0 0.5 0.19 0.02732 1
0 0.236842105263158 0.0714285714285714 0 0.692307692307692 0.875 0.0701754385964912 0 0 0 0 0.5 0.128 0.00017 -1
1 0.833383458646617 0.321428571428571 0.5 0 0 0.140350877192982 0 1 0.0149253731343284 0 0.5 0.035 6e-05 -1
0 0.278195488721805 0.0535714285714286 0.5 0.538461538461538 0.375 0.0087719298245614 0 0 0 1 0.5 0.186 0.00122 -1
1 0.388421052631579 0.496964285714286 0.5 0.615384615384615 0.375 0.302631578947368 1 1 0.0895522388059702 1 0.5 0.035 0 1
1 0.186766917293233 0.446428571428572 0 0.230769230769231 0.875 0.043859649122807 0 0 0 1 0.5 0 0.00017 -1
0 0.300751879699248 0.0267857142857143 0.5 0.230769230769231 0.5 0.0350877192982456 1 1 0.0447761194029851 1 0.5 0.106 0 -1
0 0.076390977443609 0.340714285714286 0.5 0.384615384615385 0.375 0.00298245614035087 1 0 0 0 0.5 0.05 0 1
0 0.095187969924812 0.00446428571428571 0.5 0.769230769230769 0.375 0.0350877192982456 0 1 0.0149253731343284 0 0.5 0.12 0.00768 1
0 0.642857142857143 0.571428571428572 0.5 0.307692307692308 0 0 1 1 0.223880597014925 0 0.5 0 0.00247 1
1 0.0839097744360902 0.389821428571429 0.5 0.538461538461538 0.5 0.0205263157894737 0 1 0.0298507462686567 1 0.5 0.1 6.99999999999998e-05 -1
0 0.075187969924812 0.267857142857143 0.5 0.769230769230769 0.375 0.0950877192982456 1 1 0.0746268656716418 0 0.5 0.092 0.26726 1
0 0.0864661654135338 0.00589285714285715 0.5 0.769230769230769 0.375 0.00140350877192982 0 0 0 1 0.5 0.19 0 -1
1 0.0500751879699248 0.00303571428571429 0 0.538461538461538 0.375 0.00140350877192982 0 0 0 0 0.5 0.07 0.00722 -1
1 0.0413533834586466 0.00446428571428571 0.5 0.538461538461538 0.375 0.00578947368421053 0 0 0 0 0.5 0.066 0 -1
0 0.244360902255639 0.188928571428571 0.5 0.692307692307692 0.125 0.0789473684210526 1 1 0.0746268656716418 1 0.5 0.0495 0.005 1
1 0.532631578947368 0.0817857142857143 0.5 0 0 0.0101754385964912 0 0 0 0 0.5 0.1 2.99999999999993e-05 -1
1 0.259398496240602 0.0744642857142857 0.5 0.538461538461538 0.375 0.00298245614035087 0 0 0 0 0.5 0.15 0 -1
1 0.225563909774436 0.0416071428571429 0.5 0.230769230769231 0.375 0.0175438596491228 1 0 0 0 0 0.14 0 -1
1 0.367218045112782 0.361607142857143 0.5 1 0.375 0.087719298245614 1 1 0.0895522388059702 0 0.5 0.26 0.00196 1
0 0.139097744360902 0.0655357142857143 0.5 0.307692307692308 0.25 0 0 1 0.0149253731343284 0 0.5 0.1 0.000529999999999999 -1
1 0.263157894736842 0.0401785714285714 0.5 0 0 0 0 1 0.0149253731343284 0 0.5 0.048 0.00019 -1
1 0.142857142857143 0.450892857142857 0.5 0.538461538461538 0.375 0.0043859649122807 0 1 0.0298507462686567 0 0.5 0 0.05552 -1
0 0.482406015037594 0.375 0.5 0.769230769230769 0.375 0.175438596491228 1 1 0.104477611940299 1 0.5 0 0 1
1 0.134135338345865 0.00589285714285715 0.5 0.538461538461538 0.25 0.0789473684210526 0 0 0 1 0 0 0 1
1 0.0939849624060151 0 0.5 0.0769230769230769 0.375 0.0175438596491228 0 0 0 0 0.5 0.072 0 -1
1 0.426015037593985 0.0371428571428572 0.5 0.615384615384615 0.375 0.175438596491228 1 1 0.0895522388059702 1 0.5 0.25 0.1 1
1 0.610225563909774 0.241071428571429 0.5 0.538461538461538 0.875 0.0921052631578947 1 1 0.164179104477612 1 0.5 0 0.00284 1
1 0.310827067669173 0.0476785714285714 0.5 0.153846153846154 0.5 0.0043859649122807 0 0 0 1 0.5 0.22 0.045 -1
1 0.340902255639098 0.0267857142857143 0 0.0769230769230769 0.375 0.0205263157894737 0 0 0 0 0.5 0.12 2.99999999999993e-05 -1
0 0.675488721804511 0.159285714285714 0.5 0.769230769230769 0.875 0.106666666666667 1 1 0.0895522388059702 0 0.5 0.0215 0.0056 1
1 0.308270676691729 0.0625 0.5 0.615384615384615 0.5 0.0087719298245614 1 0 0 1 0.5 0.0815 0 -1
0 0.169172932330827 0.392857142857143 0 0.384615384615385 0.375 0.157894736842105 1 0 0 0 0.5 0.06 0 -1
1 0.279398496240602 0.125 0.5 0.230769230769231 0.375 0.0175438596491228 0 0 0 1 0.5 0.116 0 -1
0 0.150375939849624 0.0253571428571429 0.5 0.615384615384615 0.375 0.0087719298245614 0 1 0.0149253731343284 1 0.5 0.12 4.00000000000005e-05 -1
0 0.134135338345865 0.0267857142857143 0.5 0.538461538461538 0.375 0.0701754385964912 0 1 0.0298507462686567 1 0.5 0.1 0.00394 -1
1 0.273233082706767 0.159285714285714 0.5 0.923076923076923 0.875 0.211929824561403 1 1 0.0447761194029851 0 0.5 0.1555 0.003 1
1 0.236842105263158 0.0207142857142857 0.5 0.615384615384615 0.375 0.0101754385964912 0 1 0.0149253731343284 0 0.5 0.17 0.02803 -1
1 0.357142857142857 0.0298214285714286 0.5 0.692307692307692 0.375 0.00140350877192982 0 0 0 0 0.5 0.06 5.00000000000003e-05 -1
0 0.145413533834587 0.0282142857142857 0 0.769230769230769 0.375 0.0526315789473684 1 1 0.0298507462686567 1 0.5 0.04 0.004 1
0 0.26796992481203 0.0535714285714286 0.5 0 0 0 0 1 0.0298507462686567 1 0.5 0.1 0.00105 -1
1 0.662857142857143 0.251428571428571 0.5 0.461538461538462 0.375 0.491228070175439 1 1 0.0895522388059702 1 0.5 0.18 0.01332 1
1 0.218045112781955 0.03125 0.5 0.461538461538462 0.375 0.0336842105263158 1 1 0.0447761194029851 1 0.5 0.198 0 1
1 0.322105263157895 0.0892857142857143 0.5 0.230769230769231 0.375 0.157894736842105 1 1 0.104477611940299 0 0.5 0.075 0.0127 1
0 0.100300751879699 0.375 0 1 0.875 0 0 0 0 1 0.5 0.077 0.00032 -1
0 0.169172932330827 0.440357142857143 0.5 0.923076923076923 0.875 0.12280701754386 1 1 0.0895522388059702 0 0.5 0.2 0.00458 1
1 0.142857142857143 0.0357142857142857 0.5 0.538461538461538 0.375 0.0292982456140351 1 0 0 0 0 0.15 0 1
1 0.565112781954887 0.357142857142857 0.5 0.153846153846154 0.5 0 1 1 0.164179104477612 0 0.5 0 0.01249 1
1 0.382255639097744 0.0580357142857143 0.5 0.538461538461538 0.375 0.0526315789473684 1 1 0.149253731343284 0 0.5 0.093 0.047 1
1 0.613984962406015 0.33625 0.5 0 0 0.505789473684211 1 1 0.164179104477612 1 0.5 0.015 0.003 1
1 0.342105263157895 0.151785714285714 0.5 0.769230769230769 0.375 0.12280701754386 0 0 0 0 0.5 0.227 5e-04 -1
1 0.161654135338346 0.47625 0 0.384615384615385 0.375 0.00140350877192982 0 0 0 1 0.5 0.06 0.00475 -1
0 0.177894736842105 0 0.5 0.538461538461538 0.375 0 0 0 0 0 1 0.092 0 1
1 0.345864661654135 0.00446428571428571 0 0.538461538461538 0.375 0.0526315789473684 0 0 0 1 0.5 0.116 0.00113 1
1 0.298195488721805 0.0119642857142857 0 0.923076923076923 0.375 0.00298245614035087 0 0 0 0 0.5 0.09 0 -1
0 0.369624060150376 0.157678571428571 0.5 0.538461538461538 0.375 0.0043859649122807 0 0 0 0 0.5 0.08 0 -1
